0.999981 0.999945 1.00028 1.84154 1.84118 1.84135 1.90935 1.9093 1.9091 1.1412 1.14141 1.14103 0.243138 0.243176 0.243227 0.0412348 0.0408083 0.0411498 0.720335 0.720289 0.720597 1.65694 1.65689 1.6571 1.98944 1.9893 1.98939 1.41198 1.41205 1.41214 0.456456 0.455957 0.456181 -0.000225849 -2.48084e-05 -0.000213542 0.463423 0.463647 0.463439 1.4202 1.4201 1.42019 
0.999932 0.999944 0.999763 1.84137 1.8414 1.84163 1.90947 1.90935 1.90934 1.14116 1.14086 1.14118 0.243237 0.243212 0.243052 0.0411789 0.0410097 0.0410042 0.720463 0.72071 0.720521 1.65678 1.65701 1.65711 1.98943 1.98915 1.98958 1.41199 1.41217 1.41213 0.456106 0.455837 0.45582 7.71985e-05 -5.26369e-05 1.96245e-05 0.463533 0.463331 0.463281 1.42017 1.42002 1.4201 
0.999982 1.00005 1.00009 1.84145 1.84154 1.84152 1.9093 1.90922 1.90916 1.14117 1.14126 1.14096 0.243369 0.243299 0.243119 0.0413015 0.0411908 0.0409839 0.720516 0.720664 0.72076 1.65702 1.65669 1.65716 1.98938 1.98933 1.98945 1.41191 1.41207 1.41212 0.455873 0.456084 0.456178 3.88701e-05 1.90367e-05 4.71831e-05 0.463306 0.463324 0.463178 1.42008 1.42027 1.42029 
0.999933 0.99978 0.999963 1.8414 1.84153 1.84148 1.90921 1.90942 1.90958 1.14109 1.14113 1.14111 0.242994 0.243233 0.243358 0.0409854 0.0410304 0.0410755 0.720419 0.720611 0.720638 1.65698 1.65711 1.65698 1.98952 1.98946 1.9892 1.41212 1.41209 1.41212 0.456052 0.45607 0.455886 -8.61333e-05 -7.42714e-05 -0.000103685 0.463365 0.463344 0.463348 1.41967 1.42016 1.42032 
0.999906 0.999885 1.0001 1.84144 1.84141 1.84141 1.90912 1.90918 1.90939 1.14117 1.14122 1.14113 0.243152 0.243177 0.243206 0.041065 0.0411107 0.0409964 0.720596 0.720546 0.720149 1.65686 1.65684 1.6567 1.98911 1.98929 1.98929 1.41196 1.41203 1.41224 0.455902 0.456284 0.455919 0.000173589 1.99678e-05 -6.28333e-05 0.463506 0.46355 0.46318 1.42022 1.42008 1.42026 
0.540382 0.540379 0.54043 1.38161 1.38184 1.38171 1.44943 1.44961 1.44962 0.681398 0.681336 0.681285 -0.216513 -0.21643 -0.216545 -0.418706 -0.41847 -0.418826 0.260996 0.26109 0.260877 1.19724 1.19723 1.19725 1.52974 1.5296 1.52957 0.952524 0.952427 0.952516 -0.00367445 -0.00378871 -0.00365304 -0.459566 -0.459743 -0.459534 0.00344462 0.00376086 0.00366405 0.960334 0.960197 0.960565 
0.540303 0.540403 0.540341 1.38176 1.38162 1.38181 1.44958 1.44967 1.44972 0.681335 0.681301 0.681309 -0.21674 -0.21667 -0.21643 -0.418942 -0.418558 -0.418782 0.260994 0.260982 0.260671 1.19716 1.19732 1.19726 1.5297 1.52965 1.52968 0.952562 0.952275 0.952486 -0.00377748 -0.00339353 -0.00370311 -0.4597 -0.459711 -0.459795 0.00383513 0.00371842 0.00388546 0.960525 0.960439 0.960592 
0.540319 0.540269 0.540299 1.38174 1.38144 1.38179 1.44987 1.44962 1.44961 0.681566 0.681623 0.681462 -0.216596 -0.216432 -0.216548 -0.418568 -0.418581 -0.418439 0.260964 0.260766 0.260831 1.19725 1.19726 1.1973 1.52955 1.5296 1.52962 0.952676 0.952423 0.952272 -0.00373406 -0.00385748 -0.0038295 -0.459671 -0.459732 -0.459635 0.00395018 0.00362858 0.00379349 0.96067 0.96028 0.960472 
0.540371 0.540266 0.540424 1.38163 1.38159 1.38177 1.44962 1.44974 1.44955 0.681458 0.681725 0.68158 -0.216598 -0.216574 -0.216521 -0.418554 -0.418654 -0.418634 0.260755 0.260868 0.260745 1.1973 1.19704 1.19715 1.52964 1.52957 1.52978 0.952413 0.952181 0.952662 -0.00379486 -0.00377534 -0.00354055 -0.459526 -0.459669 -0.459834 0.00354373 0.00401881 0.00377919 0.960376 0.960633 0.960628 
0.540158 0.540273 0.540454 1.38167 1.38186 1.38176 1.44981 1.44958 1.44958 0.68132 0.681329 0.681324 -0.216455 -0.216434 -0.216536 -0.418539 -0.418708 -0.418784 0.260652 0.260695 0.26089 1.19745 1.19725 1.19739 1.52936 1.52961 1.52961 0.952384 0.952555 0.95251 -0.00377321 -0.00368933 -0.00381078 -0.459757 -0.459595 -0.45972 0.00377954 0.00347629 0.00358634 0.960563 0.960508 0.960737 
-0.415974 -0.416133 -0.416251 0.425263 0.425318 0.425421 0.493012 0.493197 0.49328 -0.274886 -0.275039 -0.275092 -1.1732 -1.17295 -1.173 -1.37528 -1.37535 -1.37493 -0.695738 -0.695628 -0.695595 0.240616 0.240883 0.240968 0.573326 0.573155 0.573262 -0.00398044 -0.00381224 -0.00422664 -0.960261 -0.960259 -0.960274 -1.41601 -1.41623 -1.41608 -0.952662 -0.952775 -0.95276 0.0039311 0.00402323 0.00418702 
-0.416176 -0.416153 -0.416046 0.425294 0.425451 0.425188 0.492995 0.493273 0.493148 -0.275035 -0.274863 -0.275167 -1.17289 -1.17283 -1.17272 -1.37501 -1.37502 -1.37504 -0.695644 -0.695538 -0.695612 0.241024 0.24097 0.240708 0.572947 0.573217 0.57324 -0.00395539 -0.00394601 -0.00429443 -0.95993 -0.960416 -0.960018 -1.41637 -1.41602 -1.41614 -0.95283 -0.952621 -0.952803 0.00404979 0.00401164 0.00409178 
-0.416012 -0.416145 -0.416106 0.425309 0.425423 0.425533 0.49313 0.493 0.493162 -0.274982 -0.275057 -0.275058 -1.1728 -1.17302 -1.17301 -1.37519 -1.37508 -1.37508 -0.695635 -0.69561 -0.695546 0.240921 0.240826 0.240928 0.573191 0.573074 0.573093 -0.00392643 -0.00417629 -0.00390617 -0.960251 -0.9603 -0.960094 -1.41612 -1.41608 -1.41643 -0.952694 -0.952705 -0.952369 0.00438133 0.00412755 0.00395848 
-0.41611 -0.416156 -0.416031 0.425368 0.425326 0.425465 0.493054 0.493097 0.49308 -0.275046 -0.275122 -0.275236 -1.17298 -1.17296 -1.17279 -1.37518 -1.37523 -1.3751 -0.69568 -0.695438 -0.695491 0.240851 0.240676 0.241099 0.573184 0.573404 0.573182 -0.00400725 -0.00397885 -0.00415896 -0.960292 -0.96023 -0.960486 -1.4161 -1.41631 -1.416 -0.9528 -0.952945 -0.95275 0.00397899 0.0039936 0.00400063 
-0.415835 -0.4161 -0.416296 0.425449 0.425121 0.425254 0.493314 0.493076 0.493092 -0.275448 -0.274841 -0.27493 -1.17309 -1.173 -1.17294 -1.37526 -1.3751 -1.37503 -0.69568 -0.695442 -0.695649 0.240717 0.240852 0.240631 0.573114 0.573131 0.573121 -0.0040391 -0.00384369 -0.00415866 -0.959897 -0.960114 -0.960181 -1.41631 -1.41601 -1.41597 -0.952552 -0.952801 -0.952695 0.00418646 0.00409756 0.00383889 
-0.990098 -0.989935 -0.989872 -0.148495 -0.148497 -0.148464 -0.0807754 -0.0806672 -0.0807387 -0.848737 -0.848917 -0.848799 -1.74694 -1.74691 -1.7471 -1.94894 -1.9491 -1.94896 -1.26941 -1.26948 -1.26949 -0.333169 -0.33311 -0.332959 -0.000509007 -0.000653406 -0.000519869 -0.577744 -0.577989 -0.57801 -1.53399 -1.5339 -1.53395 -1.99004 -1.99 -1.98993 -1.52656 -1.52665 -1.5266 -0.569978 -0.56983 -0.569988 
-0.990252 -0.989919 -0.989911 -0.148512 -0.148391 -0.148379 -0.0806348 -0.0808275 -0.0806562 -0.849023 -0.848947 -0.848881 -1.74658 -1.74684 -1.74683 -1.94904 -1.94878 -1.94892 -1.26938 -1.26938 -1.26914 -0.333108 -0.333024 -0.33291 -0.000727474 -0.000670207 -0.000665964 -0.578037 -0.57794 -0.578023 -1.53418 -1.53397 -1.534 -1.99005 -1.99015 -1.98999 -1.52661 -1.52652 -1.52653 -0.569937 -0.56972 -0.569858 
-0.990136 -0.989963 -0.98994 -0.14849 -0.148559 -0.148302 -0.0807226 -0.0807015 -0.0807245 -0.848848 -0.848969 -0.849095 -1.74698 -1.74663 -1.74687 -1.9489 -1.94893 -1.94894 -1.26941 -1.26925 -1.26948 -0.333048 -0.333021 -0.333188 -0.000489939 -0.00082711 -0.000703315 -0.577805 -0.577763 -0.577949 -1.53409 -1.53397 -1.53403 -1.98975 -1.99006 -1.99008 -1.52656 -1.5266 -1.52668 -0.56987 -0.569821 -0.569832 
-0.989658 -0.990011 -0.990242 -0.148537 -0.148699 -0.148488 -0.0806467 -0.0808658 -0.0807232 -0.848815 -0.848984 -0.848898 -1.74685 -1.74667 -1.74663 -1.94863 -1.94884 -1.94907 -1.26957 -1.26937 -1.26957 -0.333092 -0.332888 -0.33264 -0.000817581 -0.000524436 -0.000646152 -0.577895 -0.577769 -0.577447 -1.53417 -1.53413 -1.53388 -1.98996 -1.98975 -1.98998 -1.52652 -1.5267 -1.52673 -0.570012 -0.569884 -0.569782 
-0.989979 -0.990064 -0.990141 -0.148649 -0.148416 -0.148381 -0.0804296 -0.0807402 -0.0807104 -0.848902 -0.849071 -0.848894 -1.74677 -1.74666 -1.74684 -1.94907 -1.94902 -1.94878 -1.26941 -1.26941 -1.26918 -0.332738 -0.333055 -0.333102 -0.000730129 -0.000723261 -0.000617438 -0.577666 -0.578049 -0.577945 -1.53398 -1.53405 -1.53389 -1.99007 -1.99008 -1.98979 -1.52678 -1.52665 -1.52658 -0.569984 -0.569426 -0.56974 
-0.653503 -0.653835 -0.653762 0.187866 0.188076 0.187848 0.255659 0.25558 0.255661 -0.512675 -0.51241 -0.512493 -1.41033 -1.41041 -1.41027 -1.6126 -1.61239 -1.6126 -0.933036 -0.933221 -0.932901 0.00338134 0.00333887 0.00335708 0.335669 0.335799 0.335501 -0.241433 -0.241489 -0.241427 -1.19769 -1.1975 -1.19767 -1.6538 -1.65356 -1.65341 -1.19022 -1.18997 -1.19016 -0.233633 -0.233532 -0.233495 
-0.653753 -0.653571 -0.653642 0.187874 0.187874 0.188024 0.25567 0.255598 0.25554 -0.512601 -0.51276 -0.512596 -1.41051 -1.41052 -1.41042 -1.61239 -1.61261 -1.61257 -0.933022 -0.933126 -0.933182 0.00337152 0.00340486 0.00322938 0.335794 0.335714 0.335691 -0.241602 -0.241895 -0.241564 -1.19765 -1.19734 -1.19773 -1.6536 -1.65372 -1.65356 -1.19003 -1.19006 -1.19026 -0.233464 -0.233471 -0.233594 
-0.653632 -0.65344 -0.653543 0.187946 0.187758 0.187974 0.25586 0.255929 0.255535 -0.512625 -0.512552 -0.512618 -1.41043 -1.41026 -1.41038 -1.61265 -1.61261 -1.61266 -0.933113 -0.933095 -0.933017 0.00324456 0.00340557 0.00335009 0.335643 0.33556 0.335723 -0.241636 -0.241731 -0.24167 -1.19768 -1.19792 -1.1975 -1.65369 -1.6537 -1.6537 -1.19031 -1.19012 -1.19034 -0.233391 -0.233551 -0.233486 
-0.653764 -0.653671 -0.653646 0.187919 0.18784 0.187743 0.255664 0.25561 0.255609 -0.512496 -0.512693 -0.512475 -1.41036 -1.41064 -1.41034 -1.61266 -1.61252 -1.61229 -0.933059 -0.933178 -0.933108 0.00336404 0.0031724 0.0033097 0.336027 0.335826 0.335617 -0.24148 -0.241476 -0.241427 -1.19768 -1.19766 -1.19771 -1.6536 -1.6536 -1.65383 -1.19019 -1.19033 -1.19033 -0.233592 -0.233609 -0.233313 
-0.65376 -0.653641 -0.653791 0.187597 0.188089 0.187832 0.255649 0.255515 0.255631 -0.51258 -0.51227 -0.512615 -1.41044 -1.41059 -1.41036 -1.61261 -1.6126 -1.61284 -0.932977 -0.933317 -0.932862 0.00356738 0.00333157 0.00346801 0.335635 0.335614 0.335635 -0.241618 -0.241709 -0.2417 -1.19762 -1.19754 -1.19751 -1.65373 -1.65366 -1.65361 -1.19015 -1.19017 -1.19031 -0.233357 -0.233454 -0.233484 
0.2837 0.283484 0.283764 1.12509 1.12506 1.12507 1.19303 1.19278 1.19283 0.424701 0.424753 0.424789 -0.473164 -0.473147 -0.473202 -0.675162 -0.675488 -0.675298 0.00410469 0.00418077 0.00411329 0.940545 0.94068 0.940417 1.27313 1.27323 1.27317 0.695826 0.695878 0.695744 -0.260585 -0.260351 -0.260543 -0.716244 -0.716312 -0.716254 -0.253226 -0.252994 -0.252702 0.703825 0.703898 0.703779 
0.283711 0.283747 0.283644 1.12534 1.12526 1.12526 1.19297 1.19296 1.19296 0.424693 0.424833 0.424734 -0.473294 -0.473158 -0.473099 -0.675322 -0.675348 -0.675279 0.00422399 0.00432882 0.00423937 0.940607 0.940813 0.940694 1.27302 1.27303 1.27315 0.695734 0.695914 0.695861 -0.260289 -0.260617 -0.260474 -0.716478 -0.716075 -0.716305 -0.252903 -0.252797 -0.252971 0.704114 0.703981 0.703865 
0.283535 0.283766 0.2837 1.12505 1.12517 1.12522 1.19292 1.1929 1.19292 0.424889 0.424824 0.425005 -0.473141 -0.473194 -0.473139 -0.675279 -0.675263 -0.675373 0.00460118 0.00429851 0.00446571 0.94053 0.940735 0.940506 1.2729 1.2729 1.27276 0.695906 0.695843 0.695648 -0.260513 -0.260276 -0.260324 -0.716352 -0.716326 -0.71631 -0.252837 -0.253137 -0.252931 0.70376 0.703702 0.703931 
0.283791 0.283637 0.283777 1.12518 1.1251 1.12511 1.19332 1.193 1.1932 0.42493 0.424686 0.42475 -0.473145 -0.473279 -0.473119 -0.675168 -0.675236 -0.675302 0.00431098 0.0041725 0.00422637 0.940684 0.940529 0.940841 1.27298 1.27335 1.27318 0.695794 0.695669 0.695753 -0.260253 -0.260368 -0.260369 -0.716284 -0.716122 -0.716498 -0.253034 -0.253106 -0.252995 0.703918 0.703851 0.703923 
0.283687 0.283638 0.283435 1.12516 1.12517 1.12533 1.1931 1.1931 1.19313 0.424818 0.424877 0.424964 -0.473165 -0.473094 -0.473228 -0.675338 -0.675281 -0.675276 0.00436693 0.00434066 0.00426738 0.940529 0.940638 0.94065 1.27292 1.27296 1.273 0.695756 0.695754 0.695747 -0.260786 -0.26036 -0.260366 -0.716467 -0.716227 -0.716116 -0.252932 -0.253099 -0.25296 0.703792 0.703698 0.70394 
0.960242 0.960125 0.960233 1.80155 1.80174 1.80171 1.8695 1.86952 1.86966 1.10157 1.10128 1.10119 0.203361 0.203346 0.203474 0.00130798 0.00111814 0.00121349 0.680911 0.680777 0.680809 1.61726 1.61721 1.61712 1.94927 1.94959 1.94957 1.37227 1.37214 1.37226 0.416204 0.416103 0.41629 -0.0397647 -0.0396287 -0.0399069 0.423611 0.423407 0.423651 1.38043 1.38041 1.3803 
0.959952 0.960296 0.960172 1.80175 1.8016 1.80147 1.86943 1.86954 1.8693 1.10127 1.10133 1.10136 0.203339 0.203365 0.20342 0.00130695 0.00128239 0.00134333 0.680728 0.680657 0.680883 1.61723 1.61717 1.61718 1.94949 1.94931 1.94962 1.37222 1.37215 1.37208 0.416033 0.416238 0.416047 -0.0395387 -0.0398213 -0.0398912 0.423684 0.42356 0.423701 1.38036 1.38036 1.38028 
0.960089 0.959964 0.96005 1.80161 1.80167 1.80153 1.86956 1.86939 1.86911 1.10143 1.10122 1.10114 0.203388 0.203289 0.203577 0.00113961 0.00150877 0.00120447 0.680653 0.680679 0.680528 1.61718 1.61739 1.61725 1.94946 1.94948 1.94971 1.37235 1.37216 1.37227 0.416143 0.416422 0.416043 -0.0398251 -0.0397096 -0.0397646 0.423555 0.423515 0.423574 1.38032 1.38033 1.3801 
0.96014 0.960319 0.960153 1.8016 1.80158 1.80163 1.86966 1.86949 1.8695 1.1013 1.10127 1.10148 0.20332 0.203278 0.203299 0.00113651 0.00121628 0.00131056 0.680818 0.680828 0.680673 1.61709 1.61708 1.61726 1.94951 1.94962 1.94967 1.372 1.37221 1.37238 0.416323 0.416321 0.416217 -0.0395717 -0.0399678 -0.03994 0.423626 0.423701 0.423607 1.38051 1.38042 1.38055 
0.960151 0.96031 0.960065 1.8016 1.80168 1.80181 1.86952 1.86952 1.86954 1.10153 1.10142 1.1013 0.203425 0.203432 0.203347 0.00123615 0.0011859 0.00150718 0.680958 0.680949 0.680791 1.61716 1.61711 1.61719 1.9495 1.94975 1.94944 1.37227 1.37228 1.3723 0.416117 0.416353 0.416161 -0.039807 -0.0397015 -0.039917 0.423709 0.423522 0.423651 1.38014 1.38046 1.38024 
0.753786 0.753904 0.754157 1.5954 1.59517 1.59502 1.66315 1.6637 1.6632 0.894907 0.894853 0.894785 -0.00284909 -0.00296448 -0.00282117 -0.205438 -0.204947 -0.204937 0.474487 0.474659 0.474556 1.41081 1.41101 1.41115 1.74322 1.74324 1.74322 1.16607 1.16597 1.16591 0.209971 0.209949 0.209811 -0.246032 -0.246223 -0.245934 0.217353 0.217382 0.217128 1.17405 1.17398 1.17414 
0.753959 0.753693 0.753922 1.59545 1.59526 1.5953 1.66307 1.66326 1.66318 0.895105 0.894788 0.894743 -0.00279241 -0.00266227 -0.00286126 -0.205012 -0.204953 -0.204854 0.474386 0.474391 0.474418 1.41087 1.41101 1.41073 1.74317 1.74315 1.74315 1.16607 1.16613 1.16605 0.209938 0.209866 0.209859 -0.246018 -0.246017 -0.246151 0.21731 0.217212 0.217457 1.17397 1.17399 1.17406 
0.753856 0.753965 0.753918 1.59521 1.59516 1.59523 1.66292 1.66333 1.66315 0.894857 0.895031 0.894882 -0.00291465 -0.00279778 -0.0029 -0.205031 -0.205044 -0.205114 0.474707 0.474215 0.474731 1.41089 1.41113 1.41116 1.7433 1.74334 1.74326 1.16565 1.16611 1.16614 0.209868 0.209827 0.20972 -0.246158 -0.245799 -0.246122 0.217316 0.217382 0.217423 1.17431 1.17398 1.17406 
0.753695 0.754077 0.754063 1.59522 1.59545 1.59531 1.66312 1.66306 1.66314 0.894995 0.89502 0.895132 -0.00310142 -0.00286328 -0.0029443 -0.204907 -0.204778 -0.204931 0.474338 0.474341 0.474516 1.41109 1.41091 1.41088 1.74334 1.74309 1.74331 1.16624 1.16595 1.16599 0.209812 0.209968 0.209811 -0.246043 -0.246055 -0.246385 0.217664 0.217272 0.217373 1.17417 1.17438 1.17416 
0.753832 0.754113 0.753855 1.5952 1.59537 1.59533 1.66303 1.66326 1.66289 0.894901 0.895269 0.894906 -0.00298686 -0.00273456 -0.00282566 -0.204932 -0.205323 -0.20501 0.474563 0.47432 0.474499 1.41082 1.41078 1.41072 1.74327 1.74332 1.7435 1.16616 1.16566 1.16601 0.210014 0.210139 0.209917 -0.246178 -0.24599 -0.245701 0.217147 0.217392 0.217561 1.17407 1.17413 1.17422 
-0.145638 -0.145366 -0.145526 0.696066 0.696043 0.695706 0.763923 0.763849 0.763764 -0.00421592 -0.0043434 -0.00434809 -0.902362 -0.902283 -0.902303 -1.10439 -1.10453 -1.10439 -0.424982 -0.424867 -0.425114 0.511257 0.511466 0.511345 0.843901 0.843811 0.843989 0.266484 0.266484 0.266618 -0.689364 -0.689545 -0.689663 -1.14544 -1.14548 -1.14548 -0.681912 -0.682016 -0.682317 0.274836 0.274739 0.274831 
-0.145358 -0.145442 -0.145399 0.696043 0.695963 0.69594 0.763596 0.763532 0.763828 -0.00445957 -0.0043229 -0.00431019 -0.902276 -0.902411 -0.902356 -1.10435 -1.10423 -1.10452 -0.42511 -0.424981 -0.425011 0.51151 0.511454 0.511485 0.843877 0.843807 0.843796 0.266638 0.266633 0.266822 -0.689544 -0.689458 -0.68939 -1.14548 -1.14543 -1.14547 -0.682069 -0.682182 -0.682021 0.274645 0.27465 0.274548 
