7
113.893 -21.0824 13.5297 -17.7954 -3.71191 2.14822 29.6626 
-9.20487 96.3397 4.23092 28.7205 16.0761 3.0849 -13.4851 
-16.7569 3.15642 106.305 21.9613 -19.1847 6.19777 20.1679 
-18.5113 -23.7437 28.134 141.006 -18.856 -9.43412 -6.72176 
32.1232 -6.50474 12.9917 10.2344 91.1267 -9.55067 -1.65155 
-15.8528 33.3456 -18.9519 -0.954061 13.1131 112.322 -11.5808 
24.286 -14.2648 -8.65474 -2.70012 1.29872 -22.1686 125.254 
243.103 315.544 478.753 384.492 485.795 648.601 709.249 

4
56.1679 21.3281 10.4858 7.22319 
10.4956 55.5592 -13.6026 -0.802254 
22.9475 21.8287 83.0121 17.6833 
41.611 -4.2018 -2.97853 58.5239 
159.174 77.5972 386.374 258.367 

3
1 2 3
1 3 4
0 -6 -10
9 11 -24

3
2 1 -1
-3 -1 2
-2 1 2
8 -11 -3

3
5 -1 2
3 8 -2
1 1 4
12 -25 6

5
2 1 0 0 0
1 2 1 0 0
0 1 2 4 0
0 0 1 2 1 
0 0 0 1 2
1 1 1 1 1

2
4 -3
-5 2
-7 0

4
1 2 -1 1
-1 1 2 -1
2 -1 2 2
1 1 -1 2
6 3 14 8

4
1 2 -3 4
2 2 -2 3
0 1 1 0
1 -1 1 -2
12 10 -1 -4


3
2 6 1
1 2 -1
5 7 -4
7 -1 9

