250.001 228.621 209.833 193.463 179.348 167.321 157.213 148.857 142.09 136.739 132.641 129.63 127.536 126.194 125.434 125.094 125.004 125.004 125.094 125.434 126.193 127.536 129.629 132.643 136.739 142.089 148.858 157.213 167.32 179.349 193.465 209.833 228.622 
228.623 207.245 188.454 172.086 157.97 145.943 135.835 127.48 120.711 115.361 111.264 108.252 106.157 104.815 104.057 103.716 103.626 103.625 103.716 104.057 104.815 106.157 108.251 111.264 115.362 120.711 127.48 135.835 145.943 157.971 172.086 188.454 207.246 
209.832 188.455 169.665 153.296 139.181 127.153 117.045 108.69 101.921 96.5719 92.474 89.4617 87.3684 86.0255 85.2674 84.9261 84.8363 84.8363 84.9261 85.2673 86.0251 87.368 89.4617 92.4742 96.5722 101.922 108.69 117.046 127.153 139.182 153.295 169.665 188.455 
193.463 172.086 153.296 136.927 122.811 110.784 100.676 92.321 85.5523 80.2026 76.1055 73.0931 70.9993 69.6565 68.8984 68.5577 68.4674 68.4668 68.5575 68.8985 69.6566 70.9992 73.0932 76.1055 80.2029 85.5528 92.3212 100.677 110.784 122.812 136.927 153.296 172.086 
179.349 157.971 139.182 122.812 108.697 96.6691 86.5615 78.206 71.4373 66.0878 61.9906 58.9785 56.8841 55.5417 54.7833 54.4423 54.3519 54.3524 54.4424 54.7833 55.5415 56.8843 58.9782 61.9901 66.0877 71.4372 78.206 86.5616 96.6689 108.697 122.813 139.181 157.971 
167.321 145.942 127.152 110.784 96.6695 84.6413 74.533 66.1786 59.4095 54.0597 49.9624 46.9501 44.8563 43.5137 42.7553 42.4146 42.3242 42.324 42.4145 42.7555 43.5137 44.8562 46.95 49.9626 54.06 59.4094 66.1783 74.5334 84.6411 96.6693 110.784 127.153 145.943 
157.212 135.835 117.045 100.676 86.5613 74.533 64.425 56.0704 49.3016 43.952 39.8545 36.8423 34.7482 33.4057 32.6473 32.3066 32.2162 32.2161 32.3065 32.6475 33.4055 34.7483 36.8423 39.8545 43.952 49.3013 56.0704 64.4254 74.5331 86.561 100.676 117.045 135.834 
148.858 127.481 108.69 92.3215 78.2065 66.1785 56.0704 47.7156 40.9467 35.597 31.4995 28.4874 26.3935 25.0508 24.2926 23.9516 23.8613 23.8612 23.9516 24.2924 25.0507 26.3935 28.4873 31.4996 35.5969 40.9468 47.7153 56.0704 66.1785 78.2064 92.3213 108.69 127.48 
142.088 120.712 101.922 85.5527 71.4373 59.4093 49.3015 40.9466 34.1779 28.8283 24.7308 21.7185 19.6247 18.2819 17.5238 17.1828 17.0925 17.0925 17.1828 17.5237 18.282 19.6246 21.7185 24.7309 28.8283 34.1779 40.9468 49.3015 59.4096 71.4376 85.5528 101.921 120.711 
136.738 115.362 96.5717 80.203 66.0877 54.0598 43.9518 35.5971 28.8283 23.4786 19.3812 16.3691 14.275 12.9324 12.174 11.8332 11.7428 11.7428 11.8332 12.1741 12.9324 14.275 16.3688 19.3812 23.4786 28.8284 35.5971 43.9519 54.0599 66.0882 80.2022 96.5716 115.362 
132.642 111.264 92.4746 76.1054 61.9903 49.9625 39.8545 31.4997 24.7309 19.3811 15.2837 12.2715 10.1775 8.83492 8.07663 7.73571 7.64533 7.64532 7.73583 8.07666 8.83492 10.1775 12.2715 15.2837 19.3812 24.7309 31.4997 39.8544 49.9627 61.9903 76.1057 92.4741 111.264 
129.63 108.252 89.4623 73.0929 58.9779 46.9502 36.8423 28.4874 21.7185 16.3689 12.2714 9.25928 7.16532 5.82268 5.06442 4.72351 4.6331 4.63301 4.72356 5.06437 5.8227 7.16534 9.25926 12.2715 16.3689 21.7185 28.4874 36.8422 46.9503 58.9783 73.0934 89.4619 108.251 
127.536 106.158 87.3681 70.9988 56.8844 44.8562 34.7483 26.3934 19.6246 14.2749 10.1775 7.1654 5.07142 3.7287 2.97051 2.62958 2.53917 2.53919 2.62965 2.97047 3.72874 5.07141 7.16535 10.1775 14.2749 19.6245 26.3934 34.7483 44.8561 56.8844 70.9995 87.3684 106.158 
126.193 104.816 86.0254 69.6564 55.5421 43.5136 33.4057 25.0509 18.2819 12.9324 8.83495 5.82265 3.72872 2.3861 1.6278 1.28699 1.19657 1.19658 1.28702 1.62783 2.38607 3.72874 5.82284 8.83491 12.9324 18.282 25.0508 33.4056 43.5136 55.5418 69.6567 86.0256 104.815 
125.435 104.057 85.2673 68.8983 54.7832 42.7553 32.6474 24.2925 17.5237 12.1741 8.07663 5.06447 2.97054 1.62789 0.869583 0.528686 0.438224 0.438296 0.528738 0.869617 1.62786 2.97049 5.06439 8.07665 12.1741 17.5237 24.2925 32.6474 42.7556 54.7836 68.8985 85.2673 104.057 
125.094 103.716 84.9262 68.5577 54.4425 42.4145 32.3064 23.9517 17.1828 11.8332 7.73568 4.72361 2.62965 1.28703 0.528753 0.187741 0.0974806 0.0973318 0.187856 0.528712 1.28697 2.62955 4.72351 7.73587 11.8333 17.183 23.9516 32.3065 42.4144 54.4422 68.5577 84.9261 103.717 
125.003 103.626 84.8362 68.467 54.3521 42.3241 32.2162 23.8612 17.0925 11.7427 7.64527 4.63316 2.53915 1.19656 0.43826 0.0974267 0.00695483 0.00701009 0.097375 0.438274 1.19659 2.53924 4.63313 7.64535 11.7428 17.0923 23.8612 32.216 42.324 54.3521 68.4669 84.8359 103.626 
125.003 103.626 84.836 68.467 54.3522 42.3241 32.2163 23.8612 17.0925 11.7428 7.64535 4.63317 2.53921 1.19655 0.43825 0.0973707 0.00694383 0.0069688 0.0973455 0.438226 1.19662 2.53915 4.63315 7.64533 11.7427 17.0924 23.8612 32.216 42.3241 54.3519 68.4671 84.836 103.626 
125.093 103.716 84.9263 68.5572 54.4426 42.4146 32.3065 23.9515 17.1828 11.8332 7.7358 4.72361 2.62957 1.28701 0.528699 0.187805 0.0974094 0.0973966 0.187756 0.528798 1.28703 2.62966 4.72355 7.73576 11.8332 17.1828 23.9516 32.3065 42.4146 54.4423 68.5573 84.9263 103.716 
125.435 104.057 85.2671 68.8984 54.7833 42.7555 32.6474 24.2926 17.5238 12.174 8.07665 5.0643 2.97049 1.62784 0.869613 0.528702 0.438256 0.438264 0.528735 0.869647 1.62793 2.9705 5.0644 8.07663 12.1741 17.5237 24.2925 32.6475 42.7551 54.7832 68.8983 85.2673 104.057 
126.193 104.815 86.0255 69.6564 55.5417 43.5137 33.4057 25.0508 18.282 12.9324 8.8349 5.82271 3.72879 2.38609 1.62786 1.28693 1.19649 1.19655 1.28698 1.62782 2.3861 3.72874 5.82278 8.83496 12.9323 18.282 25.0508 33.4056 43.5136 55.5418 69.6568 86.0256 104.816 
127.535 106.158 87.3677 70.9991 56.8843 44.8563 34.7482 26.3935 19.6245 14.2749 10.1774 7.16533 5.07138 3.72877 2.97047 2.6296 2.53914 2.53912 2.62965 2.97049 3.72875 5.07146 7.16521 10.1776 14.275 19.6246 26.3934 34.7483 44.8563 56.8841 70.9991 87.3682 106.158 
129.63 108.252 89.4624 73.0933 58.9781 46.9503 36.8421 28.4875 21.7186 16.3689 12.2716 9.25923 7.16526 5.82269 5.06443 4.72358 4.63312 4.63306 4.7235 5.06438 5.82273 7.16529 9.25933 12.2716 16.3689 21.7185 28.4873 36.8422 46.9504 58.9785 73.093 89.4622 108.252 
132.642 111.264 92.4748 76.1054 61.9906 49.9622 39.8543 31.4995 24.7309 19.3811 15.2838 12.2714 10.1776 8.83494 8.07664 7.73576 7.6453 7.64529 7.73569 8.07663 8.83495 10.1776 12.2714 15.2838 19.3811 24.7308 31.4994 39.8543 49.9624 61.9905 76.1056 92.4746 111.264 
136.739 115.362 96.5716 80.2028 66.0881 54.0597 43.9518 35.5972 28.8283 23.4785 19.3812 16.3688 14.275 12.9324 12.1741 11.8332 11.7428 11.7428 11.8332 12.1742 12.9323 14.275 16.3689 19.3811 23.4786 28.8281 35.597 43.9519 54.06 66.0877 80.2032 96.572 115.362 
142.088 120.711 101.921 85.5523 71.4375 59.4098 49.3013 40.9468 34.178 28.8281 24.7308 21.7185 19.6246 18.2821 17.5237 17.1829 17.0925 17.0923 17.1828 17.5237 18.282 19.6247 21.7185 24.7307 28.8282 34.1779 40.9466 49.3017 59.4094 71.4375 85.5523 101.922 120.711 
148.857 127.48 108.69 92.3216 78.2065 66.1784 56.0703 47.7154 40.9465 35.5971 31.4995 28.4873 26.3934 25.0508 24.2925 23.9517 23.8611 23.8612 23.9516 24.2924 25.0508 26.3934 28.4874 31.4995 35.5969 40.9466 47.7155 56.0701 66.1784 78.2066 92.3215 108.69 127.48 
157.214 135.835 117.045 100.676 86.5615 74.5331 64.4254 56.0703 49.3013 43.9518 39.8544 36.8423 34.7482 33.4057 32.6473 32.3066 32.2162 32.216 32.3064 32.6475 33.4058 34.7484 36.8423 39.8546 43.952 49.3014 56.0702 64.4256 74.5338 86.5611 100.677 117.045 135.835 
167.321 145.943 127.153 110.784 96.6693 84.6413 74.5338 66.1784 59.4097 54.06 49.9622 46.9505 44.8562 43.5138 42.7553 42.4145 42.3242 42.3241 42.4146 42.7554 43.5137 44.8563 46.9502 49.9623 54.0597 59.4094 66.1781 74.5332 84.6413 96.6694 110.784 127.153 145.943 
179.349 157.971 139.181 122.812 108.697 96.6693 86.5609 78.206 71.4377 66.0876 61.9905 58.9783 56.8844 55.5415 54.7833 54.4427 54.352 54.3521 54.4424 54.7835 55.5415 56.8842 58.9781 61.9902 66.0879 71.438 78.2065 86.561 96.6695 108.697 122.813 139.181 157.972 
193.464 172.086 153.297 136.927 122.813 110.784 100.676 92.3212 85.5524 80.2027 76.1054 73.0932 70.999 69.6563 68.8982 68.5577 68.4669 68.467 68.5574 68.8986 69.6567 70.9995 73.0937 76.1054 80.2029 85.5518 92.3215 100.676 110.784 122.812 136.928 153.296 172.086 
209.833 188.455 169.665 153.296 139.182 127.153 117.045 108.69 101.922 96.5715 92.4738 89.4625 87.3682 86.0255 85.2674 84.9262 84.8361 84.8359 84.9262 85.2672 86.0261 87.3684 89.4619 92.4743 96.5718 101.922 108.69 117.045 127.153 139.182 153.297 169.664 188.455 
228.623 207.245 188.455 172.085 157.971 145.943 135.835 127.479 120.711 115.361 111.264 108.252 106.158 104.816 104.057 103.716 103.626 103.626 103.717 104.057 104.815 106.159 108.252 111.264 115.361 120.711 127.48 135.835 145.943 157.971 172.086 188.455 207.245 
