-6.7502e-06 -2.52577e-06 7.32065e-06 10 10 10 10 10 9.99999 9.99998 10 9.99999 10 10 10 10 10 10 1.90612e-06 4.73157e-06 8.73915e-06 1.19165e-06 4.20085e-06 -3.62089e-07 3.91716e-06 
2.54326e-06 -1.97544e-06 9.99999 10 10 10 10 10 10 9.99999 10 10 10 9.99999 10 9.99996 10 10 10 -2.76061e-06 3.3898e-06 -7.21505e-07 3.66753e-06 2.39387e-06 -5.04355e-07 
1.23418e-07 10 10 10 10 10 10 10 10 10 9.99999 10 10 10 9.99999 10 10 10 10 10 2.35293e-06 9.9273e-08 1.64321e-06 -3.87032e-07 1.48017e-08 
10 9.99999 9.99998 10 10 9.99999 10 10 9.99997 10 10 9.99999 9.99999 10 10 10 9.99999 10 10 10 9.99999 7.83893e-07 4.415e-06 2.46253e-07 -2.28967e-06 
9.99996 10 10 9.99999 10 10 9.99999 10 10 10 10 9.99999 10 10 9.99996 9.99999 10 9.99999 10 10 10 -1.54619e-06 -2.45097e-06 -3.39797e-06 -7.03869e-07 
10 10 10 10 10 9.99997 10 10 10 10 9.99999 10 10 10 10 9.99999 9.99999 10 10 10 10 9.99999 -2.144e-06 -4.78436e-06 8.6591e-06 
10 10 10 10 10 10 9.99996 10 9.99998 9.99999 9.99999 10 10 9.99999 10 10 10 10 10 9.99999 10 9.99999 -2.60505e-07 2.6535e-07 4.04154e-07 
10 9.99999 9.99999 10 10 10 10 10 9.99999 10 10 9.99999 9.99999 10 9.99999 10 10 10 10 10 10 10 10 -1.71506e-07 -2.91145e-06 
10 10 10 10 10 9.99999 10 9.99999 10 10 10 10 10 10 10 10 10 9.99999 9.99999 10 10 10 10 -1.69602e-06 2.44705e-07 
10 10 10 10 10 9.99999 10 9.99999 10 9.99999 10 9.99999 10 10 10 10 9.99999 10 10 10 10 10 10 -4.51337e-07 2.59644e-06 
10 10 10 10 9.99999 10 10 10 10 10 10 10 10 10 10 10 10 10 9.99999 10 10 10 10 -3.5909e-06 -3.74309e-06 
10 10 10 10 10 10 9.99999 10 9.99999 10 10 10 9.99999 10 10 10 10 10 10 10 10 10 10 6.59141e-06 2.10465e-06 
10 9.99999 10 10 9.99995 10 9.99999 10 10 10 10 10 10 10 10 10 10 10.0001 10 10 10 10 10 -6.14371e-06 2.25602e-06 
10 10 9.99999 10 10 10 10 10 10 10 10 10 10 9.99999 10 10 10 10 10 10 10 10 10 -2.00386e-06 1.92204e-06 
10 10 10 9.99998 10 10 9.99999 10 10 10 10 10 10 10 9.99997 10 9.99998 10 9.99999 10 9.99999 10 -1.95385e-06 3.25091e-06 3.39516e-06 
10 10 10 10 10 10 10 10 10 10 10 10 10 10 10 10 10 10 9.99999 10 10 9.99995 -3.87088e-06 2.39513e-06 -5.34678e-06 
10 9.99999 10 10 10 10 10 10 10 10 9.99999 10 10 10 9.99999 10 9.99999 9.99999 10 10 10 -1.01293e-06 -4.98674e-06 1.15776e-06 1.75919e-06 
9.99999 10 10 10 10 10 10 10 10 10 10 10 10 10 9.99999 10 9.99999 10 10 9.99999 10 -9.08241e-07 -1.32759e-06 2.11142e-06 -5.4249e-06 
-2.47278e-06 10 10 9.99999 10 10 10 9.99999 9.99999 9.99999 10 10 9.99999 10 10 10 10 10 10 10.0001 3.24297e-06 3.29594e-06 -1.3942e-06 -2.59959e-06 -1.61444e-06 
7.49684e-07 -4.37588e-06 10 10 10 10 10 10 10 10 10 10 10 10 10 10 10 10 10 -2.17857e-06 -5.71787e-06 3.21297e-06 -2.33697e-06 7.73626e-06 -1.49229e-06 
-6.60911e-07 2.73817e-07 -1.71334e-07 10 10 10 9.99999 10 10 9.99999 10 9.99999 10 10 10 10 10 10 4.85384e-07 -1.36212e-06 -1.62705e-06 -1.62979e-06 1.24711e-06 3.5318e-06 2.53496e-06 
-1.83228e-06 5.06138e-06 1.75484e-06 -7.52637e-07 1.54543e-06 10 10 10 9.99999 10 10 9.99999 10 10 10 9.99997 -9.23963e-07 -1.24376e-06 1.24326e-06 1.26934e-06 -7.77546e-07 4.19619e-07 8.53384e-07 -1.91745e-06 -4.12629e-07 
3.02527e-07 -4.20728e-06 3.1401e-06 -5.03295e-07 -4.52757e-06 -4.23172e-06 1.37027e-06 10 10 10 10 9.99999 10 10 -1.29883e-06 4.51111e-07 1.97602e-06 3.45059e-06 -5.51251e-07 3.44124e-06 -6.72302e-06 -4.02552e-06 5.72166e-06 2.28415e-06 -9.64366e-07 
-8.15771e-09 2.62014e-06 -2.12367e-06 3.75249e-06 6.87654e-07 8.82066e-07 -4.41707e-06 2.17946e-06 -3.98982e-06 -2.40999e-07 -3.23793e-06 -7.12192e-07 1.52446e-06 2.86782e-07 -1.25847e-07 1.89382e-06 -8.21772e-07 -1.75868e-06 1.25106e-06 1.96585e-06 -5.21738e-07 -3.1165e-06 -2.27677e-06 2.10336e-06 -4.85319e-06 
-1.50844e-06 -3.04608e-06 2.67841e-06 1.27583e-06 1.93212e-06 -2.56735e-06 -1.63543e-06 3.46218e-07 -2.44518e-06 -5.4467e-07 3.59947e-06 8.24216e-07 1.76617e-07 -1.4792e-06 -1.45907e-06 -2.6675e-06 8.88845e-07 -2.56054e-07 -4.18792e-06 -1.7706e-07 -1.64229e-07 -1.902e-06 -1.13437e-06 -2.32485e-06 -1.89309e-06 
