9
157.944 -26.389 12.4598 -11.8214 34.7163 20.1434 3.67342 21.3482 1.83811
-1.87053 157.895 -1.52291 15.278 43.8917 -38.997 41.8764 -3.76369 -1.62679
-19.3025 -5.40123 106.168 11.8338 -10.9612 -1.50623 28.6552 9.79139 -7.45632
9.90762 10.2882 40.3455 108.797 -3.66778 -9.54405 -5.08518 3.62079 -0.936724
-10.8709 -7.50938 -24.9497 -9.93032 191.469 29.6484 45.4715 -20.5781 40.3795
-21.8359 -3.39237 1.77425 -17.1486 -3.87665 131.298 16.3238 34.9744 -28.2157
-14.205 -5.84193 -5.59919 -15.6146 -11.1443 19.873 107.438 -18.6753 8.49966
-3.71939 14.0781 15.7675 -13.0091 -7.67502 -24.0396 -15.7129 132.746 36.1658
-20.3063 -5.64665 -4.68939 12.131 11.9051 10.2869 0.998875 -4.54407 87.359
602.745 604.323 483.702 496.044 1511.87 816.631 637.531 1114.56 880.974

7
63.023 -0.493835 22.1387 3.9476 -0.0614561 4.45674 21.0827 
-35.8635 137.766 19.8021 6.51113 -22.7818 25.6771 17.6274 
-37.9115 -17.5496 187.297 -8.8089 42.2797 -50.013 16.1879 
-14.1728 -0.368169 41.1632 197.608 -36.5031 -35.2312 -36.0075 
19.7882 -10.6232 -6.46858 -27.1552 96.0377 8.12017 -7.43401 
-47.4231 9.48528 -8.80171 -26.4651 -4.451 131.147 26.8717 
-2.42864 -13.3831 -2.12609 29.9047 11.5929 -14.5887 80.2236 
318.254 488.665 478.281 253.057 347.387 792.011 616.044 

25
455.608 -11.661 -17.4009 6.69279 13.7893 7.64872 5.66821 -3.87212 4.26825 -21.019 -21.9584 -29.1124 1.97519 -9.63985 -30.1236 46.1901 -5.9727 7.58515 1.84846 -42.5369 -20.3274 35.5866 -6.90491 -13.0517 48.1085 
-3.63626 309.472 6.73853 1.96129 17.7095 -14.6924 -15.4824 -10.8983 -0.207729 6.68789 18.1937 -6.76749 -19.016 -2.73228 3.72601 -10.4663 17.9987 14.4013 16.5447 -17.6068 -24.8269 0.571749 -39.2813 9.33005 -17.966 
-5.86056 -4.16562 300.453 -20.1798 -2.33271 7.86973 -13.5934 -12.8132 -15.1102 7.93513 16.8883 -0.763509 0.0577134 -24.9243 -23.8628 0.120744 -15.04 -27.577 19.9751 16.1129 -24.2311 -9.60035 12.3898 14.6535 3.73003 
1.01251 -2.29337 -21.2443 404.292 -41.9567 64.9546 9.96177 8.97193 16.4104 -7.32427 17.3944 -11.7739 -26.9665 -10.9415 -3.81392 -13.891 22.5912 13.2082 17.8278 -36.5655 12.7101 -11.2468 -16.7348 7.99425 2.88921 
0.0236354 -16.1498 3.20816 -53.5983 353.244 17.0957 3.69214 -12.139 -23.2858 21.4222 -6.95202 16.2763 29.8847 -3.25903 -6.50414 1.95437 26.0535 2.47433 14.9956 20.6502 32.2937 -8.176 5.25091 -11.635 8.8422 
-14.1198 -4.65688 -7.00075 -14.7755 11.0417 446.982 -21.786 11.1152 20.5965 -4.14545 -37.7898 19.0108 -33.7688 -22.6087 10.1595 -44.0674 -8.70402 30.5566 16.7108 -33.7137 22.6885 19.1471 -23.6137 1.61349 -1.98459 
-11.6915 -9.24876 -32.0944 -7.09749 -46.0251 -33.128 347.533 8.70744 -19.9063 -0.373646 -2.52593 -18.2692 -11.5689 6.13785 -15.764 -4.78594 23.5355 -10.3839 4.64132 -14.0921 -29.8579 4.88442 -7.45589 21.2875 0.0102144 
10.5824 -7.94529 24.3028 -62.2295 -12.1118 11.424 0.569083 370.298 31.2995 -1.18266 11.6121 -10.0757 -14.2635 2.53492 -17.9831 15.957 -17.7512 7.78217 -46.3979 1.9096 5.82025 7.26039 -4.75009 2.06099 20.742 
-13.0666 -21.6358 -14.3603 20.8983 7.07954 11.9682 5.05028 17.9152 412.52 -3.24596 -13.4502 -9.05895 -11.629 -12.288 -2.00123 31.6825 8.17655 64.0602 -28.8373 27.0728 21.6088 0.0279483 -33.2725 -15.423 17.751 
-7.06595 -7.51257 -29.7642 -0.384958 -5.49854 21.5512 -36.2348 -45.9728 -15.8939 457.646 -1.04716 11.1725 -10.0359 20.0621 37.5509 2.45996 -5.2498 24.7121 -28.2157 12.3713 27.5552 -15.5296 -2.20721 41.2869 20.7469 
-27.5575 -16.0243 5.34926 34.0311 -5.18938 34.7636 -28.1767 0.673279 -26.145 -29.9765 445.895 -2.40642 31.9652 -5.35568 3.56385 13.1524 23.9104 -22.0615 44.0854 -5.57527 -3.69052 -8.34241 -4.75369 -19.5047 -32.5971 
-21.3698 -1.38364 -5.79261 20.2808 4.60067 44.824 -4.6117 -44.4831 -2.11841 -14.7801 -10.834 445.269 -19.3503 3.63946 -17.9348 -28.0594 -5.27629 -3.32307 -44.9128 -17.3649 -10.7247 20.3058 -40.1704 20.2947 -38.0653 
2.98531 4.59279 -7.76538 -13.982 -34.49 -12.582 -39.8741 -17.6928 -3.12626 -13.3665 4.00697 12.8233 399.822 3.68758 15.6248 -27.731 -14.4236 -11.2597 32.3913 -12.2061 14.5288 27.5227 -8.89324 25.6785 10.8526 
-31.7304 7.38044 -25.8586 15.2364 17.1289 -20.3792 -8.62908 -42.782 -22.4291 -3.95551 8.60471 19.6857 20.2093 434.529 20.2497 -14.0989 -20.606 -29.2143 -16.5464 3.98552 -14.156 16.298 10.404 6.58202 25.6545 
15.6635 5.40961 -10.5528 -12.4416 -22.9243 -32.909 -1.75774 14.7828 -10.2007 8.46634 10.0809 13.7135 -0.632938 -6.80929 369.083 -21.1788 37.601 -10.6153 8.96993 -10.6734 11.2344 -32.7281 9.40545 -19.9668 9.09736 
-10.1222 30.7481 -6.16067 15.2031 15.112 4.34751 -8.86392 -23.1444 -30.9848 15.6751 11.9801 -8.84631 28.0778 5.78246 -3.96673 368.45 -22.9056 -16.205 -3.89319 -20.1753 -18.951 -18.4389 6.20953 16.6478 21.2302 
0.694446 -23.5802 1.1073 2.72059 -3.73812 -1.37732 -9.98887 -7.97501 20.0272 -0.0499725 -29.1672 14.2264 -7.46183 -24.2875 2.83402 -3.54613 372.789 29.1874 -30.7659 15.6476 19.9391 35.2641 23.4786 -25.9959 29.2865 
-7.9504 -19.9248 12.8323 -35.9574 -8.77065 27.0147 1.70084 -6.14976 11.2703 -16.6506 9.58799 -9.41647 10.7089 5.21213 14.1335 15.6658 12.5503 317.645 -12.7075 -7.89955 -24.521 8.50142 -3.59602 -19.3969 15.3413 
22.5469 -19.0615 -27.4415 56.6929 19.2033 -5.27187 10.3217 -6.05995 -6.22093 48.9068 -31.2206 15.3381 38.877 -5.36243 -5.1005 -12.4125 -7.67784 4.20171 483.935 40.246 3.40426 -1.38193 17.4065 33.8129 31.293 
-3.79618 -38.9459 -19.4545 -0.401901 25.7662 4.81014 27.6327 -23.3031 2.15231 33.2127 -56.5969 -12.9623 8.80187 -40.298 11.7573 16.2028 7.11422 -5.35163 37.4359 450.56 13.3799 16.1544 1.72885 10.4365 14.1446 
-20.9102 -20.8006 8.76382 -17.8151 0.0744765 -0.30961 -20.3424 -31.1302 12.2657 -1.20656 26.6071 23.6539 12.8364 1.86076 14.5077 -3.96107 30.3248 -31.7543 -18.1264 5.76567 354.452 4.85409 20.4967 -7.79806 -11.5432 
-16.0557 42.6091 -10.3933 22.612 1.2377 -24.3942 -10.0383 16.9912 -13.8231 -58.9211 28.4702 8.24254 -38.2434 -16.5608 5.95034 32.0521 24.1213 31.3747 0.561799 25.527 14.4425 482.895 -10.5602 -1.69175 17.9895 
-28.4344 28.5507 -14.4164 33.2403 -27.6628 -51.5929 27.8908 33.7457 -15.6622 -4.46665 -20.8096 11.4884 -8.82483 19.2302 6.63849 -17.638 19.8161 30.9822 -9.93339 -12.2064 -34.6926 -8.70077 535.145 59.9512 -2.60985 
-10.1831 -27.2533 -6.06434 15.1339 -4.6341 30.368 19.1002 -4.34931 -16.2472 5.21282 -21.3829 20.3963 -3.96713 -22.781 -57.6899 -17.3454 0.0351675 24.8757 11.4109 5.34915 11.7602 -32.1091 25.5041 450.15 45.5662 
17.3019 -4.56067 0.602846 10.3724 10.1438 2.71702 3.38198 -2.54938 33.3747 -29.1636 32.1554 -16.6834 -6.22352 39.1152 -32.9998 22.3794 -12.7043 10.3599 -29.3252 -26.6399 -70.1988 -29.0869 -7.358 -28.6152 498.973 
251.703 -874.971 19.6711 1340.5 3706.8 1607.11 950.873 2641.02 4895.69 6439.16 4110.78 1564.9 5857.58 6029.94 4986.64 5244.27 7819.42 5568.96 12626 10609.6 7782.44 12214.7 13054.6 11479.7 8998.58 

3
45 2 3
-3 22 2
5 1 20
58 47 67

9
157.944 -26.389 12.4598 -11.8214 34.7163 20.1434 3.67342 21.3482 1.83811 
-1.87053 157.895 -1.52291 15.278 43.8917 -38.997 41.8764 -3.76369 -1.62679 
-19.3025 -5.40123 106.168 11.8338 -10.9612 -1.50623 28.6552 9.79139 -7.45632 
9.90762 10.2882 40.3455 108.797 -3.66778 -9.54405 -5.08518 3.62079 -0.936724 
-10.8709 -7.50938 -24.9497 -9.93032 191.469 29.6484 45.4715 -20.5781 40.3795 
-21.8359 -3.39237 1.77425 -17.1486 -3.87665 131.298 16.3238 34.9744 -28.2157 
-14.205 -5.84193 -5.59919 -15.6146 -11.1443 19.873 107.438 -18.6753 8.49966 
-3.71939 14.0781 15.7675 -13.0091 -7.67502 -24.0396 -15.7129 132.746 36.1658 
-20.3063 -5.64665 -4.68939 12.131 11.9051 10.2869 0.998875 -4.54407 87.359 
602.745 604.323 483.702 496.044 1511.87 816.631 637.531 1114.56 880.974 

2
3 -1
2 5
56 -76

4
56.1679 21.3281 10.4858 7.22319 
10.4956 55.5592 -13.6026 -0.802254 
22.9475 21.8287 83.0121 17.6833 
41.611 -4.2018 -2.97853 58.5239 
159.174 77.5972 386.374 258.367 

3
4 1 2
3 5 1
1 1 3
4 7 3

3
5 -1 2
3 8 -2
1 1 4
12 -25 6

2 
2 1
1 2
8 1


2
16 3
7 -11
11 13

3
5 -1 2
3 8 -2
1 1 4
12 -25 6

2
3 -1 
2 5
40 -30

5
-2 1 0 0 0
1 -2 1 0 0
0 1 -2 1 0
0 0 1 -2 1
0 0 0 1 -2
-1 0 0 0 -1


3
5 -1 2
3 8 -2
1 1 4
12 -25 6

