-2.22223 -0.472222 0.777793 1.5278 1.77778 1.52777 0.777788 -0.47226 -2.22224 -4.47219 -7.22222 -10.4722 -14.2222 -18.4722 -23.2222 -28.4723 -34.2222 -40.4722 -47.2222 -54.4721 -62.2222 -70.4722 -79.2222 -88.4717 -98.2222 -108.472 -119.222 -130.472 
-3 -1.25 -3.12846e-05 0.749996 1 0.750008 7.84016e-06 -1.24999 -3 -5.24999 -7.99998 -11.2501 -15 -19.25 -24.0001 -29.25 -35 -41.25 -48 -55.25 -63 -71.25 -80 -89.25 -99 -109.25 -120 -131.25 
-3.55556 -1.80555 -0.555571 0.194392 0.444424 0.194466 -0.555559 -1.80556 -3.55556 -5.80555 -8.55557 -11.8055 -15.5556 -19.8055 -24.5556 -29.8056 -35.5556 -41.8056 -48.5555 -55.8056 -63.5555 -71.8055 -80.5555 -89.8055 -99.5557 -109.806 -120.556 -131.806 
-3.88888 -2.13894 -0.888874 -0.138861 0.11107 -0.138896 -0.888892 -2.13889 -3.88886 -6.13887 -8.88887 -12.1389 -15.8889 -20.1389 -24.8889 -30.1389 -35.8891 -42.1389 -48.8888 -56.1389 -63.8889 -72.1388 -80.8889 -90.1391 -99.8889 -110.139 -120.889 -132.139 
-4.00002 -2.25 -1.00001 -0.249986 -4.78383e-05 -0.249999 -0.999987 -2.25 -3.99998 -6.24996 -8.99997 -12.25 -16 -20.25 -25 -30.25 -35.9999 -42.2499 -49 -56.25 -64 -72.25 -81 -90.25 -100 -110.25 -121 -132.25 
-3.88892 -2.13886 -0.888906 -0.138887 0.111145 -0.13892 -0.888874 -2.1389 -3.88889 -6.1389 -8.88891 -12.1389 -15.8889 -20.1388 -24.8888 -30.139 -35.889 -42.1389 -48.8889 -56.1389 -63.8888 -72.139 -80.8889 -90.1389 -99.8888 -110.139 -120.889 -132.139 
-3.55556 -1.80556 -0.555558 0.194453 0.444432 0.194442 -0.555539 -1.80555 -3.55556 -5.80554 -8.55559 -11.8056 -15.5555 -19.8056 -24.5555 -29.8056 -35.5555 -41.8054 -48.5555 -55.8056 -63.5556 -71.8055 -80.5556 -89.8055 -99.5554 -109.805 -120.555 -131.805 
-2.99999 -1.24998 -3.19157e-05 0.750007 1.00004 0.750029 7.69913e-06 -1.25004 -2.99997 -5.25 -8.00003 -11.2501 -15 -19.25 -23.9999 -29.25 -35 -41.25 -48.0001 -55.2498 -62.9998 -71.25 -80 -89.2501 -99 -109.249 -120 -131.25 
-2.22224 -0.472215 0.777783 1.52778 1.77782 1.52773 0.77777 -0.472219 -2.22224 -4.47226 -7.2222 -10.4722 -14.2222 -18.4722 -23.2223 -28.4721 -34.2221 -40.4722 -47.2224 -54.4722 -62.2222 -70.4722 -79.2222 -88.4722 -98.2217 -108.472 -119.222 -130.472 
-1.22223 0.527769 1.77779 2.52775 2.77778 2.52772 1.77778 0.527782 -1.22224 -3.4722 -6.22226 -9.47222 -13.2223 -17.4722 -22.2223 -27.4722 -33.2223 -39.4722 -46.2221 -53.4723 -61.2222 -69.4722 -78.2223 -87.4721 -97.2222 -107.473 -118.223 -129.472 
-5.94651e-07 1.75001 3 3.75 4.00001 3.75 3.00003 1.74998 -5.43702e-05 -2.25 -5 -8.25 -12 -16.25 -20.9999 -26.25 -32 -38.2499 -45 -52.25 -59.9999 -68.25 -77 -86.25 -96 -106.25 -117 -128.25 
1.44445 3.19437 4.44443 5.19444 5.44448 5.19447 4.44445 3.19441 1.44443 -0.805553 -3.55558 -6.80553 -10.5555 -14.8055 -19.5556 -24.8055 -30.5556 -36.8055 -43.5556 -50.8055 -58.5556 -66.8056 -75.5556 -84.8055 -94.5552 -104.806 -115.556 -126.805 
3.11111 4.86111 6.11109 6.86116 7.11111 6.86113 6.11114 4.86114 3.1111 0.861119 -1.88889 -5.13888 -8.88891 -13.1389 -17.8889 -23.139 -28.8889 -35.1389 -41.8889 -49.1389 -56.8889 -65.1389 -73.8888 -83.1389 -92.889 -103.139 -113.888 -125.139 
4.99998 6.75002 7.99999 8.74999 9.00001 8.74999 8.00002 6.75 4.99998 2.75 5.92618e-05 -3.25 -7 -11.25 -16 -21.25 -27 -33.2499 -40 -47.2501 -55 -63.25 -72 -81.25 -91 -101.25 -112 -123.25 
7.11113 8.86112 10.1111 10.8611 11.1111 10.8611 10.1111 8.86117 7.11111 4.86106 2.11111 -1.13889 -4.88892 -9.13894 -13.8889 -19.1389 -24.889 -31.1389 -37.889 -45.1389 -52.8889 -61.1388 -69.8889 -79.1389 -88.8896 -99.1389 -109.889 -121.138 
9.44447 11.1944 12.4445 13.1944 13.4444 13.1944 12.4445 11.1944 9.44443 7.19439 4.44443 1.19444 -2.55554 -6.80556 -11.5556 -16.8055 -22.5555 -28.8055 -35.5555 -42.8055 -50.5556 -58.8055 -67.5556 -76.8055 -86.5555 -96.8056 -107.556 -118.806 
12 13.75 14.9999 15.75 16 15.7501 15 13.75 11.9999 9.75004 7 3.75003 7.94521e-06 -4.24999 -9.00001 -14.25 -20 -26.25 -32.9999 -40.25 -47.9999 -56.25 -65 -74.2501 -83.9999 -94.2501 -105 -116.25 
14.7778 16.5277 17.7778 18.5278 18.7778 18.5277 17.7777 16.5278 14.7778 12.5278 9.77778 6.52776 2.77774 -1.47221 -6.22222 -11.4723 -17.2222 -23.4722 -30.2223 -37.4722 -45.2221 -53.4722 -62.2222 -71.4723 -81.2222 -91.4723 -102.222 -113.472 
17.7778 19.5278 20.7778 21.5278 21.7778 21.5278 20.7778 19.5278 17.7779 15.5278 12.7777 9.52771 5.77777 1.52775 -3.22221 -8.47223 -14.2223 -20.4722 -27.2223 -34.4722 -42.2223 -50.4722 -59.2223 -68.4721 -78.2222 -88.4722 -99.2222 -110.472 
20.9999 22.75 24 24.75 25 24.75 24 22.7501 21.0001 18.75 16 12.75 8.99998 4.75001 -3.43823e-05 -5.25002 -11 -17.25 -24 -31.2501 -39 -47.25 -56 -65.25 -75 -85.25 -96 -107.25 
24.4445 26.1944 27.4446 28.1943 28.4444 28.1944 27.4445 26.1944 24.4445 22.1944 19.4444 16.1945 12.4445 8.19444 3.44446 -1.80555 -7.55556 -13.8056 -20.5555 -27.8055 -35.5556 -43.8056 -52.5555 -61.8055 -71.5556 -81.8056 -92.5556 -103.806 
28.1111 29.8611 31.1111 31.8611 32.1111 31.8611 31.1111 29.861 28.1112 25.8611 23.1112 19.8611 16.1111 11.861 7.11109 1.86109 -3.88891 -10.1389 -16.8889 -24.1388 -31.8889 -40.1389 -48.8889 -58.1389 -67.8888 -78.1388 -88.8887 -100.139 
32 33.75 35.0001 35.75 36 35.7499 35 33.75 32 29.75 27 23.75 20 15.75 11 5.75002 8.88964e-06 -6.25001 -13 -20.2501 -28 -36.25 -45.0001 -54.25 -64.0002 -74.25 -84.9999 -96.25 
36.1112 37.8611 39.1111 39.8611 40.1111 39.8612 39.1111 37.8611 36.1111 33.861 31.1111 27.8611 24.1111 19.8611 15.1111 9.86113 4.11109 -2.13887 -8.88881 -16.1389 -23.8889 -32.1388 -40.8887 -50.1388 -59.889 -70.1389 -80.8889 -92.1385 
40.4444 42.1945 43.4445 44.1945 44.4445 44.1945 43.4446 42.1944 40.4444 38.1945 35.4444 32.1944 28.4445 24.1944 19.4445 14.1944 8.44444 2.19441 -4.55554 -11.8055 -19.5555 -27.8055 -36.5556 -45.8056 -55.5555 -65.8055 -76.5555 -87.8055 
45 46.75 48 48.75 49 48.7499 48.0002 46.7498 45.0001 42.7499 40 36.75 33 28.75 24 18.75 13 6.74999 1.83687e-05 -7.24999 -15 -23.25 -32 -41.25 -51 -61.25 -72 -83.25 
49.7777 51.5278 52.7777 53.5276 53.7778 53.5279 52.7777 51.5278 49.7778 47.5278 44.7778 41.5278 37.7779 33.5277 28.7778 23.5278 17.7778 11.5278 4.77777 -2.47221 -10.2223 -18.4722 -27.2223 -36.472 -46.2223 -56.472 -67.2219 -78.4719 
54.7777 56.5277 57.7778 58.5275 58.7776 58.5278 57.7778 56.5278 54.7778 52.5279 49.7778 46.5277 42.7776 38.5276 33.7778 28.5278 22.7777 16.5277 9.77778 2.52783 -5.22223 -13.4723 -22.2222 -31.4722 -41.2222 -51.4723 -62.2222 -73.4724 
