-2.00042 -2.00261 -2.00225 -2.00427 -1.99722 -2.00028 -2.0011 -2.00206 -1.99976 -1.9995 -1.99579 -1.99715 -1.99856 -1.99876 -1.99808 -1.99787 -2.00122 -2.00155 -1.99929 -1.99661 -2.00352 -1.99954 -2.00102 -1.99819 -2.00324 -2.00346 -2.00314 -1.99987 -2.00015 -1.99707 
-2.00188 -2.00313 -1.9961 -2.00544 -1.99989 -2.00308 -2.00058 -1.99937 -1.99487 -2.00406 -2.00049 -1.9992 -2.00003 -2.0004 -1.99768 -1.99982 -1.99831 -1.99866 -1.9995 -2.00019 -2.00284 -1.99641 -2.00075 -1.99664 -1.99949 -1.99547 -2.00053 -2.00317 -1.99838 -2.00419 
-1.99896 -1.99975 -2.00046 -1.99501 -2.00096 -1.99736 -1.99877 -2.00035 -1.99649 -2.00147 -1.99968 -1.99643 -2.00132 -1.99581 -1.99723 -1.99707 -1.99878 -2.00414 -1.99966 -2.00045 -1.99957 -1.99882 -2.00108 -2.00013 -2.00007 -2.00506 -2.00013 -2.00143 -2.00159 10.0019 
-2.01014 -2.00102 -2.00222 -1.99703 -2.0034 -1.99835 -2.00299 -2.00131 -1.99925 -2.00169 -1.99957 -2.0002 -2.00087 -2.00157 -1.99752 -2.0016 -2.00084 -1.99748 -1.99636 -2.00237 -2.00133 -2.0025 -2.00239 -2.00015 -2.00491 -1.99599 -1.99738 -2.00078 9.99967 10.0002 
-2.00163 -1.99853 -1.99755 -2.00088 -1.99824 -2.0002 -1.99987 -1.99974 -2.00009 -1.99831 -1.99701 -1.99903 -1.99699 -2.00192 -1.9989 -2.00246 -2.0013 -1.99545 -1.99892 -2.00183 -1.99894 -1.99803 -1.99967 -2.00125 -2.00331 -1.99924 -2.0042 10.002 10.0047 9.99698 
-2.00114 -1.99665 -2.00149 -2.00023 -1.99967 -2.0005 -2.0037 -2.00623 -2.00139 -2.00373 -2.00266 -2.00168 -2.00205 -2.00131 -2.00025 -1.9975 -1.99738 -1.99784 -2.00254 -1.99979 -1.99848 -2.00014 -1.99963 -1.99959 -2.0031 -1.99942 10.0003 10.0008 10.0001 10.0028 
-1.99975 -1.9982 -1.99824 -2.00162 -2.00067 -2.00001 -2.00128 -2.00186 -2.00082 -2.00148 -2.00231 -1.99856 -1.9988 -1.99982 -1.99963 -1.99846 -2.00429 -2.00036 -2.00317 -1.99996 -2.00078 -1.99965 -1.99906 -2.00247 -2.00277 10.0006 10.0024 9.9976 10.0024 9.99824 
-1.99582 -1.99442 -2.00354 -1.99731 -1.99581 -1.99911 -2.00117 -1.99512 -1.99732 -1.99707 -1.99894 -1.99715 -1.99832 -2.00398 -1.99596 -2.00072 -2.00283 -1.99969 -2.0008 -1.99704 -1.99594 -2.00474 -2.00018 -1.99674 10.0001 10.0008 9.99854 10.003 10.0015 9.99885 
-2.00265 -2.00707 -1.99961 -2.0016 -1.99739 -1.99837 -2.00073 -2.00134 -1.99989 -2.00413 -1.99855 -1.99927 -1.99791 -2.00066 -1.9998 -1.99864 -1.99941 -1.99919 -2.00229 -2.00966 -2.00418 -2.00126 -2.00024 10.0029 10.0048 9.99818 10.0018 10.0035 9.99914 10.001 
-1.99699 -1.9987 -1.99701 -1.99601 -2.00603 -2.0001 -1.99732 -2.00162 -1.99981 -2.00126 -1.99859 -1.99853 -2.00066 -2.0032 -2.00087 -1.99864 -1.99918 -1.99984 -1.99773 -1.99976 -2.00392 -2.00016 10.001 10.0045 9.99962 10.0041 9.99523 10.0023 9.99931 9.99997 
-2.00194 -2.00001 -1.9999 -1.99961 -2.00157 -1.99704 -1.99848 -1.99631 -1.99897 -2.0018 -1.9996 -1.99811 -1.99913 -2.00273 -2.0016 -2.00088 -2.00066 -1.99841 -2.00046 -1.99952 -1.99686 10.001 10.0023 9.99968 10.0001 10.0008 9.99712 9.99982 10.0004 9.99742 
-1.9997 -1.99511 -1.99747 -2.00253 -2.00062 -1.99344 -1.99688 -2.00003 -1.99866 -2.00089 -1.99831 -2.00035 -2.00373 -1.99647 -2.00143 -1.99818 -2.00207 -2.00274 -1.99819 -2.00056 10.0002 10.0003 10.0007 10.0008 9.99862 9.99617 9.99743 9.99856 9.99811 10.0001 
-2.00004 -1.99882 -1.99847 -1.99982 -2.00064 -2.0018 -2.00135 -2.00284 -2.00069 -2.00118 -1.99889 -2.0003 -1.9978 -1.99676 -2.00159 -1.99928 -2.00462 -1.99953 -2.00023 10.0002 10.0014 10.0001 9.99907 9.99948 9.99932 10.0049 10.001 10.0027 10.0008 9.99883 
-1.99994 -2.00034 -1.99776 -2.00073 -1.99864 -1.9995 -2.00471 -2.001 -2.00465 -1.9982 -2.00189 -2.00367 -1.9996 -1.99952 -1.99608 -1.99793 -1.99901 -2.00122 10.0006 10.0008 9.99888 9.99929 9.99603 9.99841 10.0019 9.99716 10.0002 10.0006 10.001 10.001 
-1.9984 -2.00824 -1.99987 -2.00004 -2.00342 -2.00096 -1.99995 -1.99849 -1.99961 -2.00257 -1.99537 -1.99991 -2.00052 -2.00061 -1.9976 -1.99998 -1.99889 10.0007 9.99984 10.0004 9.99788 10.0043 9.99956 10.003 9.99738 9.99817 9.99906 9.99999 10.004 10.0025 
-1.99844 -1.99831 -1.99835 -1.9956 -1.99967 -2.00081 -2.00072 -1.99848 -1.99865 -1.99639 -1.99876 -1.99905 -1.99725 -2.00029 -2.00149 -2.00399 10.0004 10.0004 9.99504 10.001 9.99902 10.0011 9.99737 9.99774 10.004 10.0011 9.99411 9.99963 10.0008 9.99909 
-2.00183 -2.00085 -2.00175 -1.99939 -1.99797 -2.00014 -2.00138 -1.99824 -1.99994 -1.99646 -1.99564 -2.00163 -2.00398 -1.99735 -2.00212 10.0007 9.99793 9.99989 9.99728 10.0013 10.0011 10.0016 10.0059 9.99885 9.99933 9.99855 9.99872 9.99944 10.002 9.99889 
-1.99992 -1.99955 -1.99788 -1.99977 -1.99961 -2.00074 -2.00057 -1.99827 -2.00104 -1.99837 -1.99992 -2.00678 -2.00074 -2.00099 10.0008 10.0032 10.0002 10.0002 9.99915 9.9981 10.0018 9.99904 10.004 10.0004 10.003 9.99849 9.99964 10.0002 9.99699 9.99831 
-1.99912 -1.99981 -1.99799 -1.99985 -1.99885 -2.00089 -2.00081 -1.99357 -2.00079 -2.00191 -1.99985 -2.00067 -2.00201 9.99586 9.99995 9.99887 9.99986 9.99981 10.0003 10.0021 9.99783 9.99845 9.99923 10.0034 10.0001 9.99917 10.0013 10.004 9.99726 9.99776 
-1.99983 -1.99971 -1.99932 -2.00474 -2.00001 -1.99927 -2.00125 -2.00021 -1.99811 -1.99832 -1.99903 -2.0047 9.99997 9.99941 10.0009 9.99593 10.003 10.0016 10.0055 9.99963 10.0009 9.99913 10.0033 9.99731 9.99799 9.99918 10.0016 10.0036 10.0012 10.0027 
-1.99997 -1.99828 -2.00412 -1.99514 -2.0022 -1.99809 -1.99805 -2.00171 -2.00233 -2.00715 -1.99741 10.0008 10.0007 10.0001 10.0005 10.0002 9.99932 9.99481 10.0018 10.0002 9.99792 9.99752 10 9.99507 9.99629 9.99706 10.0008 10.0056 10.0058 10.0002 
-2.00115 -2.00148 -1.99824 -1.99846 -1.99558 -2.00175 -1.99877 -2.0017 -1.99647 -1.99872 9.99936 10.0117 10.0022 9.99858 10.0019 10.0019 9.9991 9.99532 9.99964 10.0041 9.99905 10.0024 10.0004 9.9999 10.0006 10.0009 10.0043 9.99885 10.006 10.0006 
-2.0017 -2.00089 -1.99994 -1.99852 -2.0015 -2.00223 -1.9967 -2.00015 -2.00175 9.99884 10.0017 9.99639 10.0013 10.0026 10.0002 9.99989 9.99755 9.99795 9.99638 9.9964 9.99775 10.0003 10.0058 9.99862 9.99966 9.99792 9.99868 10.0012 10.0001 9.99588 
-2.00165 -2.00203 -1.99931 -1.99527 -1.99813 -2.00469 -1.9989 -1.99663 9.99955 10.0009 9.99952 9.99918 10.0002 10.0004 10.0011 9.99864 9.9993 9.999 10.001 9.99881 10.0013 10.004 10.0001 9.99713 9.9997 9.99926 10.0009 9.99774 9.997 10.0004 
-1.99746 -1.99654 -2.00053 -2.00048 -2.00488 -1.99441 -2.00073 10.0011 9.99881 10.0037 10.0014 10.0046 9.99879 10.003 10.0013 9.99815 9.99632 9.99995 9.99767 10.0022 10.0008 9.99946 9.99889 9.9996 9.99905 10.0003 9.99719 9.99878 9.99756 9.99941 
-2.0012 -2.00067 -2 -1.99899 -2.00079 -2.00048 10.0018 9.9988 9.99815 10.0017 9.99994 10.0027 10.0053 9.99799 10.0011 10.0056 9.99945 10.002 9.9944 9.99761 10.0017 10.0011 10.0008 9.99782 9.99888 9.9998 10.0003 10.0035 10.0019 9.99913 
-1.99897 -2.0008 -1.99617 -2.00363 -1.99974 9.99991 10.0021 10.0036 10.0017 10.0035 10.0044 9.99856 10.0014 9.9959 10.0032 10.0009 9.99505 9.99968 10.0029 9.99896 9.99957 9.99998 10.0023 10.0009 9.9998 9.99732 9.9993 9.99708 10.0036 10.0012 
-1.99937 -1.99928 -2.00022 -2.00012 9.99921 9.99442 9.99937 10.0005 10.0001 9.9982 10.0016 9.99893 9.99884 9.99943 9.99658 9.99997 9.99712 9.99951 10.0009 10.0031 9.99885 9.9997 9.99998 9.99951 9.99934 9.99718 10.0004 10.0006 9.99445 9.99814 
-2.00229 -2.00416 -2.00215 9.9991 9.99442 9.99716 9.99819 9.99859 10.0019 9.99576 9.99674 9.99882 10.0045 9.9968 9.99867 9.99964 10.0002 10.0005 10.0012 9.99835 10.0009 10.0018 10.0003 9.99807 10.0004 10.0004 9.99857 10.0009 10.0057 9.99944 
-1.99763 -1.99955 9.99937 9.99923 10.0047 10.003 9.99824 9.99899 9.99976 9.99974 9.99768 9.99845 10.0005 9.99938 9.99528 10.0082 10.0012 9.9993 10.0011 9.99942 10.0003 10.0011 9.99907 10.0021 10.0044 9.9994 9.99949 10.002 9.99865 9.99717 
